06 40 0d 00 00 20 00 00 00 00
00 00 00 00 53 15 22 43 00 00
93 48 00 00 00 00 00 00 00 00  03 01
00 00 00 00 00 00 00 00 00 00
07 00 00 00 00 00 00 00 00 e0
93 08 00 00 53 15 22 43 00 e8  06 01
e1 7e 00 00 00 00 00 00 00 21
e2 7e 00 00 00 00 00 00 00 22
e0 7e 00 00 00 00 00 00 00 20  09 01
00 00 00 00 00 00 00 00 01 f0
00 00 00 00 00 00 00 00 00 00
00 00 00 00 00 00 00 00 00 00  0a 01
06 40 0d 00 00 20 00 00 00 00
00 00 00 00 53 15 22 43 00 00
93 48 00 00 01 00 01 00 00 00  03 01
00 00 00 00 00 00 00 00 00 00
00 00 00 00 00 00 00 00 00 e4
00 00 00 00 00 00 00 00 00 00  05 01
06 40 0d 00 00 20 00 00 00 00
00 00 00 00 54 15 22 43 00 00
03 40 00 00 00 00 00 00 00 00  03 01
00 00 00 00 00 00 00 00 00 00
07 00 00 00 00 00 00 00 00 e0
10 00 24 00 54 15 22 43 00 e8  06 01
e1 82 00 00 00 00 00 00 00 21
e2 82 00 00 00 00 00 00 00 22
e0 82 00 00 00 00 00 00 00 20  09 01
00 00 00 00 00 00 00 00 01 f0
00 00 00 00 00 00 00 00 00 00
00 00 00 00 00 00 00 00 00 00  0a 01
06 40 0d 00 00 20 00 00 00 00
00 00 00 00 54 15 22 43 00 00
03 40 00 00 01 00 01 00 00 00  03 01
00 00 00 00 00 00 00 00 00 00
00 00 00 00 00 00 00 00 00 e4
00 00 00 00 00 00 00 00 00 00  05 01
06 40 0d 00 00 20 00 00 00 00
00 00 00 00 56 15 22 43 00 00
03 48 00 00 00 00 00 00 00 00  03 01
00 00 00 00 00 00 00 00 00 00
07 00 00 00 00 00 00 00 00 e0
10 00 6c 00 56 15 22 43 00 e8  06 01
e1 8b 00 00 00 00 00 00 00 21
e2 8b 00 00 00 00 00 00 00 22
e0 8b 00 00 00 00 00 00 00 20  09 01
00 00 00 00 00 00 00 00 01 f0
00 00 00 00 00 00 00 00 00 00
00 00 00 00 00 00 00 00 00 00  0a 01
06 40 0d 00 00 20 00 00 00 00
00 00 00 00 56 15 22 43 00 00
03 48 00 00 01 00 01 00 00 00  03 01
00 00 00 00 00 00 00 00 00 00
00 00 00 00 00 00 00 00 00 e4
00 00 00 00 00 00 00 00 00 00  05 01
06 40 0d 00 00 20 00 00 00 00
00 00 00 00 57 15 22 43 00 00
03 40 00 00 00 00 00 00 00 00  03 01
00 00 00 00 00 00 00 00 00 00
07 00 00 00 00 00 00 00 00 e0
10 00 90 00 57 15 22 43 00 e8  06 01
e1 90 00 00 00 00 00 00 00 21
e2 90 00 00 00 00 00 00 00 22
e0 90 00 00 00 00 00 00 00 20  09 01
00 00 00 00 00 00 00 00 01 f0
00 00 00 00 00 00 00 00 00 00
00 00 00 00 00 00 00 00 00 00  0a 01
06 40 0d 00 00 20 00 00 00 00
00 00 00 00 57 15 22 43 00 00
03 40 00 00 01 00 01 00 00 00  03 01
00 00 00 00 00 00 00 00 00 00
00 00 00 00 00 00 00 00 00 e4
00 00 00 00 00 00 00 00 00 00  05 01
06 40 0d 00 00 20 00 00 00 00
00 00 00 00 90 17 22 43 00 00
03 49 00 00 00 00 00 00 00 00  03 01
00 00 00 00 00 00 00 00 00 00
00 00 00 00 00 00 00 00 00 00
00 00 00 00 00 00 00 00 00 00  04 01
06 40 0d 00 00 20 00 00 00 00
00 00 00 00 90 17 22 43 00 00
03 49 00 00 01 00 01 00 00 00  03 01
00 00 00 00 00 00 00 00 00 00
00 00 00 00 00 00 00 00 00 00
00 00 00 00 00 00 00 00 00 00  04 01
