06 40 0d 00 00 20 00 00 00 00
00 00 00 00 17 23 22 43 00 00
93 48 00 00 00 00 00 00 00 00  03 01
00 00 00 00 00 00 00 00 00 00
07 00 00 00 00 00 00 00 00 e0
93 08 00 00 17 23 22 43 00 e8  06 01
e0 a5 00 00 00 00 00 00 00 20
e1 a5 00 00 00 00 00 00 00 21
e2 a5 00 00 00 00 00 00 00 22  09 01
00 00 00 00 00 00 00 00 01 f0
10 00 08 07 17 23 22 43 00 e8
e0 c9 00 00 00 00 00 00 00 20  0c 01
e1 c9 00 00 00 00 00 00 00 21
e2 c9 00 00 00 00 00 00 00 22
00 00 00 00 00 00 00 00 01 f0  0f 01
06 40 0d 00 00 20 00 00 00 00
00 00 00 00 17 23 22 43 00 00
93 48 00 00 01 00 01 00 00 00  03 01
00 00 00 00 00 00 00 00 00 00
00 00 00 00 00 00 00 00 00 e4
00 00 00 00 00 00 00 00 00 00  05 01
06 40 0d 00 00 20 00 00 00 00
00 00 00 00 18 23 22 43 00 00
03 40 00 00 00 00 00 00 00 00  03 01
00 00 00 00 00 00 00 00 00 00
07 00 00 00 00 00 00 00 00 e0
10 00 24 00 18 23 22 43 00 e8  06 01
e0 aa 00 00 00 00 00 00 00 20
e1 aa 00 00 00 00 00 00 00 21
e2 aa 00 00 00 00 00 00 00 22  09 01
00 00 00 00 00 00 00 00 01 f0
10 00 2c 07 18 23 22 43 00 e8
e0 cd 00 00 00 00 00 00 00 20  0c 01
e1 cd 00 00 00 00 00 00 00 21
e2 cd 00 00 00 00 00 00 00 22
00 00 00 00 00 00 00 00 01 f0  0f 01
06 40 0d 00 00 20 00 00 00 00
00 00 00 00 18 23 22 43 00 00
03 40 00 00 01 00 01 00 00 00  03 01
00 00 00 00 00 00 00 00 00 00
00 00 00 00 00 00 00 00 00 e4
00 00 00 00 00 00 00 00 00 00  05 01
06 40 0d 00 00 20 00 00 00 00
00 00 00 00 1a 23 22 43 00 00
03 48 00 00 00 00 00 00 00 00  03 01
00 00 00 00 00 00 00 00 00 00
07 00 00 00 00 00 00 00 00 e0
10 00 6c 00 1a 23 22 43 00 e8  06 01
e0 b3 00 00 00 00 00 00 00 20
e1 b3 00 00 00 00 00 00 00 21
e2 b3 00 00 00 00 00 00 00 22  09 01
00 00 00 00 00 00 00 00 01 f0
10 00 74 07 1a 23 22 43 00 e8
e0 d6 00 00 00 00 00 00 00 20  0c 01
e1 d6 00 00 00 00 00 00 00 21
e2 d6 00 00 00 00 00 00 00 22
00 00 00 00 00 00 00 00 01 f0  0f 01
06 40 0d 00 00 20 00 00 00 00
00 00 00 00 1a 23 22 43 00 00
03 48 00 00 01 00 01 00 00 00  03 01
00 00 00 00 00 00 00 00 00 00
00 00 00 00 00 00 00 00 00 e4
00 00 00 00 00 00 00 00 00 00  05 01
06 40 0d 00 00 20 00 00 00 00
00 00 00 00 1b 23 22 43 00 00
03 40 00 00 00 00 00 00 00 00  03 01
00 00 00 00 00 00 00 00 00 00
07 00 00 00 00 00 00 00 00 e0
10 00 90 00 1b 23 22 43 00 e8  06 01
e0 b7 00 00 00 00 00 00 00 20
e1 b7 00 00 00 00 00 00 00 21
e2 b7 00 00 00 00 00 00 00 22  09 01
00 00 00 00 00 00 00 00 01 f0
10 00 98 07 1b 23 22 43 00 e8
e0 db 00 00 00 00 00 00 00 20  0c 01
e1 db 00 00 00 00 00 00 00 21
e2 db 00 00 00 00 00 00 00 22
00 00 00 00 00 00 00 00 01 f0  0f 01
06 40 0d 00 00 20 00 00 00 00
00 00 00 00 1b 23 22 43 00 00
03 40 00 00 01 00 01 00 00 00  03 01
00 00 00 00 00 00 00 00 00 00
00 00 00 00 00 00 00 00 00 e4
00 00 00 00 00 00 00 00 00 00  05 01
06 40 0d 00 00 20 00 00 00 00
00 00 00 00 54 25 22 43 00 00
03 49 00 00 00 00 00 00 00 00  03 01
00 00 00 00 00 00 00 00 00 00
00 00 00 00 00 00 00 00 00 00
00 00 00 00 00 00 00 00 00 00  04 01
06 40 0d 00 00 20 00 00 00 00
00 00 00 00 54 25 22 43 00 00
03 49 00 00 01 00 01 00 00 00  03 01
00 00 00 00 00 00 00 00 00 00
00 00 00 00 00 00 00 00 00 00
00 00 00 00 00 00 00 00 00 00  04 01
